1111111111111111111111111111111111111111011111111111111111111111
1111110011111111111111111111111111111101011111111111111111111111
1111111010111111111111111111111111111101010111111111111111111111
1111111100111111101111111111111111111100011111111111111111111111
1111111100100111110011111111111111111111101110001111111111111111
1111111110000101101011111111111111111111101010101111111111111111
1010111100010000100001111111111111111111111000100111111111111111
0000000111010100001000111111111111111111110110010111111111111111
0010010000000000101001011111111111111111110100100111111111111111
0010010010101010000000011111111111111111011010101011111111111111
0000000010000000101010101111111111111010101010100101111111111111
0101010000010100000000000011111111111101010101010100111111110010
0100100010100001010101010100011111111010010101010101010101010101
1010110100001000000000000001011111111100000101010101001010101010
0101010101010001001010101010010111111001010000101010101011011010
1111110111001001000000000010000101101100000100101010110101111111
0111110011110000001001001000010000001000101000101011010110111111
0111001000001101001001000010000101000000000100001001011011111111
0100101001010001000000001000010100001010100010100001010110111111
0100000010010100110101000101000001000000010111111000001011111111
0000101000010001000100001000001001001001010111111110101011011111
0100000010000100100101000001001000001000011111111111010000111111
1000100100010000100100010101000001000001011111111111111010100010
1100000000000100010010111111101000101000001111101111110100000101
1101000100100000100010111111110001000001010000101001010101010010
1100000000000100010000011111111000101001101111111111111101010000
1110100001001000000101011111110010101011111111111111111111100010
0100001000000000100000000110101001111111111111111111111111111000
0000010000010010000101010100101010111111111111111111111111111001
0010000010000000100010010010010101111111101111111111111111111100
0000010000010010001000100101010101001111100101111111111111111101
1010001010000001000010010010101010110110111101010101111111111111
1000010000010100010100100101010111110101110111110101001011111111
0011111111111111000100111110101111111111111111111111111100000111
0000000000000000000000111111101111111111111110111111111101111111
0000000000000000000000000010101111111111111111111111111111111111
1111110110101010000000000000000011111111111111111111111111111111
1111111111111011110100000000000000000111110011111111111111100000
1111101101010110101101010000000000000000000000000111111000000000
1111111111111110110111011100000000000000000000000000000000000000
1111111111111111111110111011000000000000000000000000000000000000
1111111111111111111111111011111100000000000000000000000000000000
1111111111111111111111111111110101110000000000000000000000000000
1111111111111111111111111111111110111111101000000000000000000000
1111111111111111111111111111111111111110101111101000000000000000
1111111111111111111111111101111111111111111101111111111010100100
1010110101010101101101111111111111111111111111111110101010101101
0010001101101101101111010111111100111111111000010111111011010101
0000000000000000000000000000000000000000000000111101011111111111
0000000000000000000000000000000000000000000010101111101111011011
0000000000000000000000000000000000000011011011111111111101011011
0000000000000000000000000000000000001010101010001000000101000000
0000000000000000000000000000000000101000000000010000000000000000
0000000000000000000000000000000000000000000000000000000000000000
0000000000000000000000000000000000000000000000000000000000000000
0000000000000000000000000000000000000000000000000000000000000000
0000000000000000000000000000000000000000000000000000000000000000
0000000000000000000000000000000000000000000000000000000000000000
0000000000000000000000000000000000000000000000000000000000000000
0000000000000000000000000000000000000000000000000000000000000000
0000000000000000000000000000000000000000000000000000000000000000
0000000000000000000000000000000000000000000000000000000000000000
0000000000000000000000000000000000000000000000000000000000000000
0000000000000000000000000000000000000000000000000000000000000000
